   5.6200000e+01   6.3000000e+01   7.0800000e+01
   7.0800000e+01   8.0000000e+01   8.9100000e+01
   8.9100000e+01   1.0000000e+02   1.1200000e+02
   1.1200000e+02   1.2500000e+02   1.4100000e+02
   1.4100000e+02   1.6000000e+02   1.7800000e+02
   1.7800000e+02   2.0000000e+02   2.2400000e+02
   2.2400000e+02   2.5000000e+02   2.8200000e+02
   2.8200000e+02   3.1500000e+02   3.5500000e+02
   3.5500000e+02   4.0000000e+02   4.4700000e+02
   4.4700000e+02   5.0000000e+02   5.6200000e+02
   5.6200000e+02   6.3000000e+02   7.0800000e+02
   7.0800000e+02   8.0000000e+02   8.9100000e+02
   8.9100000e+02   1.0000000e+03   1.1220000e+03
   1.1220000e+03   1.2500000e+03   1.4130000e+03
   1.4130000e+03   1.6000000e+03   1.7780000e+03
   1.7780000e+03   2.0000000e+03   2.2390000e+03
   2.2390000e+03   2.5000000e+03   2.8180000e+03
   2.8180000e+03   3.1500000e+03   3.5480000e+03
   3.5480000e+03   4.0000000e+03   4.4670000e+03
   4.4670000e+03   5.0000000e+03   5.6230000e+03
   5.6230000e+03   6.3000000e+03   7.0790000e+03
   7.0790000e+03   8.0000000e+03   8.9130000e+03
   8.9130000e+03   1.0000000e+04   1.1220000e+04
